0,511
0,644
19,10
0,643
19,9
0,642
19,8
0,641
19,7
0,640
19,6
19,2
0,639
19,1
0,638
19,5
20,2
0,637
20,1
0,636
20,5
0,635
14,7
0,634
14,6
0,633
14,1
0,632
14,8
0,631
14,2
0,630
14,5
0,629
21,7
0,628
21,6
0,627
21,2
0,626
21,1
0,625
21,5
0,624
15,7
15,6
15,1
0,623
15,8
0,622
15,2
0,621
15,5
0,620
17,8
0,619
17,7
0,618
17,6
0,617
17,2
0,616
17,1
0,615
17,5
0,614
18,7
0,613
18,6
0,612
18,2
0,611
18,1
0,610
18,5
13,61
13,37
0,609
13,133
0,608
13,26
13,8
13,63
13,31
0,607
13,132
0,606
13,46
0,605
13,22
13,7
13,59
13,128
13,43
13,130
13,19
13,52
13,6
13,44
13,41
13,60
13,18
13,71
13,77
13,12
13,1
13,69
13,2
13,5
16,8
16,6
16,1
16,7
16,2
16,5
8,7
0,604
8,6
8,2
8,1
0,603
0,602
0,601
0,600
8,5
0,599
5,6
0,576
5,2
5,1
5,5
0,340
6,6
6,2
6,1
6,5
0,308
0,305
2,2
2,1
2,5
0,311
0,310
0,0
0,307
0,306
0,13
0,339
0,11
0,9
79,34
79,33
79,32
79,31
79,30
79,29
79,28
79,27
79,26
79,25
79,24
79,23
79,22
79,21
79,20
79,19
79,18
79,17
79,16
79,15
79,14
79,13
79,12
79,11
79,10
79,9
79,8
79,7
79,6
79,5
79,4
79,3
79,2
79,0
0,484
0,469
0,303
0,483
0,468
0,302
0,467
0,301
0,466
